46
seq_1_     0.0000000 0.0050396 0.2115522 0.2084597 0.0270076 0.2167466 0.2107744 0.2105644 0.2112494 0.0117343 0.2108843 0.2112500 0.0101829 0.2144702 0.2141458 0.0075394 0.2116644 0.2127031 0.0079633 0.0078269 0.0273448 0.0079654 0.0082581 0.0101886 0.2083676 0.0109329 0.2105251 0.2115352 0.0069535 0.0070953 0.0068013 0.0073827 0.0125673 0.0069575 0.0076839 0.0063708 0.2117865 0.2134668 0.2115936 0.2164969 0.0082594 0.2109923 0.0062344 0.0091494 0.0107756 0.0106275 
seq_2_     0.0050396 0.0000000 0.2113426 0.2099510 0.0277857 0.2177235 0.2102864 0.2108095 0.2107709 0.0106139 0.2120727 0.2124455 0.0097989 0.2160117 0.2157930 0.0071028 0.2131289 0.2141953 0.0081335 0.0071018 0.0272718 0.0079870 0.0081363 0.0096540 0.2115173 0.0107155 0.2117015 0.2122599 0.0069540 0.0038726 0.0035804 0.0073922 0.0125352 0.0063681 0.0069583 0.0063591 0.2129932 0.2149795 0.2119768 0.2181020 0.0081376 0.2135009 0.0059258 0.0087463 0.0100983 0.0099477 
seq_3_     0.2115522 0.2113426 0.0000000 0.0058066 0.2081546 0.0154962 0.0133696 0.0125253 0.0131590 0.2149087 0.0124928 0.0058272 0.2147719 0.0148764 0.0130991 0.2154387 0.0138652 0.0142693 0.2163557 0.2141446 0.2111196 0.2160435 0.2124995 0.2138237 0.0493634 0.2091428 0.0138316 0.0142767 0.2154130 0.2140255 0.2138029 0.2126802 0.2149444 0.2177196 0.2171198 0.2123300 0.0141289 0.0141237 0.0147227 0.0156440 0.2121120 0.0129382 0.2137762 0.2115127 0.2138553 0.2134936 
seq_4_     0.2084597 0.2099510 0.0058066 0.0000000 0.2069070 0.0151687 0.0133514 0.0125085 0.0131412 0.2113490 0.0124761 0.0058199 0.2112597 0.0145545 0.0130814 0.2118970 0.0136942 0.0139497 0.2112190 0.2115197 0.2094329 0.2128903 0.2099042 0.2103205 0.0493133 0.2072793 0.0135134 0.0139569 0.2118787 0.2114153 0.2111924 0.2091864 0.2117204 0.2147463 0.2137534 0.2088413 0.0141097 0.0138046 0.0146980 0.0156224 0.2095252 0.0129208 0.2102631 0.2080556 0.2103635 0.2100068 
seq_5_     0.0270076 0.0277857 0.2081546 0.2069070 0.0000000 0.2150257 0.2107261 0.2090272 0.2103807 0.0294812 0.2118902 0.2091895 0.0313897 0.2140410 0.2153717 0.0305489 0.2113904 0.2122721 0.0299746 0.0308558 0.0132334 0.0311064 0.0286505 0.0315761 0.2160216 0.0317512 0.2098385 0.2111028 0.0295127 0.0296620 0.0289659 0.0303258 0.0296725 0.0287597 0.0293749 0.0291619 0.2107495 0.2130367 0.2098415 0.2162918 0.0286195 0.2124664 0.0283338 0.0303332 0.0321914 0.0320231 
seq_6_     0.2167466 0.2177235 0.0154962 0.0151687 0.2150257 0.0000000 0.0168242 0.0160735 0.0166885 0.2180603 0.0160618 0.0148639 0.2207202 0.0046072 0.0166906 0.2199749 0.0037873 0.0037581 0.2201610 0.2212530 0.2159316 0.2213104 0.2186043 0.2197579 0.0497235 0.2177482 0.0037599 0.0037599 0.2206688 0.2195406 0.2193195 0.2178740 0.2210874 0.2230064 0.2224156 0.2182414 0.0044659 0.0038995 0.0050302 0.0068942 0.2186043 0.0165211 0.2186811 0.2177735 0.2212612 0.2208897 
seq_7_     0.2107744 0.2102864 0.0133696 0.0133514 0.2107261 0.0168242 0.0000000 0.0009652 0.0006893 0.2098645 0.0048870 0.0130464 0.2111758 0.0163557 0.0068930 0.2125392 0.0154102 0.0157378 0.2136674 0.2132669 0.2127667 0.2136172 0.2107048 0.2111279 0.0503869 0.2087465 0.0154448 0.0157461 0.2131249 0.2129558 0.2124235 0.2106892 0.2119927 0.2145644 0.2144251 0.2103375 0.0158974 0.0155902 0.0158922 0.0163654 0.2107048 0.0053147 0.2121796 0.2092032 0.2119055 0.2115416 
seq_8_     0.2105644 0.2108095 0.0125253 0.0125085 0.2090272 0.0160735 0.0009652 0.0000000 0.0008232 0.2108787 0.0041486 0.0122077 0.2108487 0.0154763 0.0061294 0.2121990 0.0146218 0.0148666 0.2126088 0.2129202 0.2110120 0.2141283 0.2096745 0.2108006 0.0495866 0.2077337 0.0147251 0.0148744 0.2127802 0.2126137 0.2120853 0.2103648 0.2113110 0.2150750 0.2140695 0.2100161 0.0150239 0.0147207 0.0150190 0.0154854 0.2096745 0.0045700 0.2118421 0.2088924 0.2112266 0.2108659 
seq_9_     0.2112494 0.2107709 0.0131590 0.0131412 0.2103807 0.0166885 0.0006893 0.0008232 0.0000000 0.2103307 0.0047240 0.0126907 0.2105103 0.0161286 0.0067188 0.2122272 0.0152734 0.0153650 0.2126384 0.2129511 0.2117451 0.2141017 0.2104024 0.2108237 0.0501304 0.2084528 0.0153722 0.0155225 0.2128104 0.2126432 0.2121130 0.2103864 0.2113359 0.2150516 0.2141044 0.2100364 0.0156730 0.0153676 0.0156679 0.0161381 0.2104024 0.0051493 0.2118691 0.2089087 0.2112512 0.2108892 
seq_10_    0.0117343 0.0106139 0.2149087 0.2113490 0.0294812 0.2180603 0.2098645 0.2108787 0.2103307 0.0000000 0.2127613 0.2127136 0.0146094 0.2169958 0.2160236 0.0140032 0.2152783 0.2155797 0.0144302 0.0140017 0.0293233 0.0145632 0.0127901 0.0147757 0.2115442 0.0146233 0.2124543 0.2133458 0.0130899 0.0135441 0.0132355 0.0138306 0.0136887 0.0119920 0.0126574 0.0127850 0.2137089 0.2159911 0.2128012 0.2183235 0.0127901 0.2130643 0.0118985 0.0137066 0.0153714 0.0152199 
seq_11_    0.2108843 0.2120727 0.0124928 0.0124761 0.2118902 0.0160618 0.0048870 0.0041486 0.0047240 0.2127613 0.0000000 0.0121761 0.2111611 0.0154357 0.0055497 0.2134138 0.0145831 0.0148278 0.2138188 0.2141364 0.2116262 0.2160870 0.2099913 0.2111138 0.0494365 0.2084004 0.0146866 0.0142340 0.2139934 0.2138228 0.2136004 0.2122860 0.2125230 0.2163058 0.2152825 0.2112295 0.0149846 0.0146823 0.0149797 0.0156014 0.2100357 0.0031637 0.2131034 0.2092548 0.2115825 0.2112229 
seq_12_    0.2112500 0.2124455 0.0058272 0.0058199 0.2091895 0.0148639 0.0130464 0.0122077 0.0126907 0.2127136 0.0121761 0.0000000 0.2133121 0.0142541 0.0127797 0.2146775 0.0130892 0.0133559 0.2139796 0.2142971 0.2098777 0.2164457 0.2119505 0.2123689 0.0489183 0.2077197 0.0135097 0.0136577 0.2146535 0.2141776 0.2139559 0.2126438 0.2130736 0.2166638 0.2156366 0.2115886 0.0138059 0.0135057 0.0141013 0.0150167 0.2119953 0.0126197 0.2134611 0.2105047 0.2128362 0.2124761 
seq_13_    0.0101829 0.0097989 0.2147719 0.2112597 0.0313897 0.2207202 0.2111758 0.2108487 0.2105103 0.0146094 0.2111611 0.2133121 0.0000000 0.2175438 0.2152659 0.0125089 0.2160858 0.2161440 0.0136687 0.0129467 0.0311340 0.0129799 0.0082611 0.0033081 0.2128176 0.0108911 0.2137626 0.2146433 0.0119111 0.0116149 0.0116064 0.0126395 0.0160901 0.0105910 0.0110378 0.0116121 0.2150025 0.2165506 0.2133976 0.2186404 0.0082623 0.2130621 0.0113320 0.0026115 0.0040034 0.0038639 
seq_14_    0.2144702 0.2160117 0.0148764 0.0145545 0.2140410 0.0046072 0.0163557 0.0154763 0.0161286 0.2169958 0.0154357 0.0142541 0.2175438 0.0000000 0.0160549 0.2167948 0.0033454 0.0035789 0.2169915 0.2187632 0.2142664 0.2189756 0.2154654 0.2165972 0.0485752 0.2137124 0.0031630 0.0035806 0.2174811 0.2177060 0.2174866 0.2147454 0.2168425 0.2206529 0.2191901 0.2151056 0.0037198 0.0028842 0.0042760 0.0065393 0.2155110 0.0158885 0.2155729 0.2147060 0.2179719 0.2176076 
seq_15_    0.2141458 0.2157930 0.0130991 0.0130814 0.2153717 0.0166906 0.0068930 0.0061294 0.0067188 0.2160236 0.0055497 0.0127797 0.2152659 0.0160549 0.0000000 0.2166567 0.0152060 0.0154436 0.2163370 0.2173923 0.2164516 0.2194121 0.2157154 0.2152256 0.0500343 0.2128449 0.0150043 0.0151490 0.2172394 0.2170557 0.2168344 0.2155091 0.2164639 0.2203654 0.2192675 0.2144404 0.0153032 0.0152975 0.0161991 0.0162220 0.2157614 0.0059747 0.2163456 0.2133308 0.2156940 0.2153293 
seq_16_    0.0075394 0.0071028 0.2154387 0.2118970 0.0305489 0.2199749 0.2125392 0.2121990 0.2122272 0.0140032 0.2134138 0.2146775 0.0125089 0.2167948 0.2166567 0.0000000 0.2156898 0.2153896 0.0089843 0.0094298 0.0296534 0.0040627 0.0113127 0.0128142 0.2131029 0.0135522 0.2122876 0.2131726 0.0030306 0.0094244 0.0091295 0.0034454 0.0153329 0.0086720 0.0094328 0.0024740 0.2144389 0.2157979 0.2133409 0.2178928 0.0113145 0.2144279 0.0074167 0.0117730 0.0135478 0.0133997 
seq_17_    0.2116644 0.2131289 0.0138652 0.0136942 0.2113904 0.0037873 0.0154102 0.0146218 0.0152734 0.2152783 0.0145831 0.0130892 0.2160858 0.0033454 0.0152060 0.2156898 0.0000000 0.0026414 0.2158937 0.2169526 0.2135884 0.2161367 0.2139840 0.2151278 0.0483581 0.2122105 0.0025026 0.0025019 0.2163859 0.2166168 0.2163937 0.2136215 0.2168169 0.2178682 0.2181128 0.2139857 0.0032047 0.0026418 0.0037667 0.0057637 0.2140299 0.0150392 0.2144545 0.2132213 0.2166707 0.2163029 
seq_18_    0.2127031 0.2141953 0.0142693 0.0139497 0.2122721 0.0037581 0.0157378 0.0148666 0.0153650 0.2155797 0.0148278 0.0133559 0.2161440 0.0035789 0.0154436 0.2153896 0.0026414 0.0000000 0.2148824 0.2166336 0.2119848 0.2164599 0.2140715 0.2151994 0.0485201 0.2123226 0.0028843 0.0030229 0.2160761 0.2163046 0.2160844 0.2133524 0.2161546 0.2188566 0.2177773 0.2137113 0.0034400 0.0028836 0.0039951 0.0059687 0.2141168 0.0152785 0.2141723 0.2133191 0.2163735 0.2160111 
seq_19_    0.0079633 0.0081335 0.2163557 0.2112190 0.0299746 0.2201610 0.2136674 0.2126088 0.2126384 0.0144302 0.2138188 0.2139796 0.0136687 0.2169915 0.2163370 0.0089843 0.2158937 0.2148824 0.0000000 0.0097013 0.0294292 0.0095452 0.0120243 0.0136764 0.2139113 0.0138226 0.2132094 0.2133838 0.0081139 0.0098427 0.0095473 0.0088268 0.0163597 0.0095372 0.0101408 0.0078240 0.2144503 0.2159985 0.2142581 0.2190048 0.0120262 0.2148301 0.0081197 0.0126314 0.0144117 0.0142631 
seq_20_    0.0078269 0.0071018 0.2141446 0.2115197 0.0308558 0.2212530 0.2132669 0.2129202 0.2129511 0.0140017 0.2141364 0.2142971 0.0129467 0.2187632 0.2173923 0.0094298 0.2169526 0.2166336 0.0097013 0.0000000 0.0296294 0.0099988 0.0113082 0.0129539 0.2150490 0.0133992 0.2135227 0.2144090 0.0088455 0.0094207 0.0091259 0.0092710 0.0156302 0.0091100 0.0094263 0.0082643 0.2147705 0.2170433 0.2145770 0.2200786 0.0113099 0.2151538 0.0082746 0.0119124 0.0136877 0.0135395 
seq_21_    0.0273448 0.0272718 0.2111196 0.2094329 0.0132334 0.2159316 0.2127667 0.2110120 0.2117451 0.0293233 0.2116262 0.2098777 0.0311340 0.2142664 0.2164516 0.0296534 0.2135884 0.2119848 0.0294292 0.0296294 0.0000000 0.0300761 0.0286194 0.0313160 0.2141964 0.0319790 0.2101554 0.2113918 0.0289779 0.0288019 0.0281249 0.0291155 0.0288118 0.0282326 0.0288314 0.0279844 0.2110462 0.2132838 0.2101577 0.2164477 0.0286239 0.2135294 0.0278620 0.0303022 0.0322864 0.0321215 
seq_22_    0.0079654 0.0079870 0.2160435 0.2128903 0.0311064 0.2213104 0.2136172 0.2141283 0.2141017 0.0145632 0.2160870 0.2164457 0.0129799 0.2189756 0.2194121 0.0040627 0.2161367 0.2164599 0.0095452 0.0099988 0.0300761 0.0000000 0.0117640 0.0129872 0.2123852 0.0140402 0.2143810 0.2143594 0.0032122 0.0099930 0.0096928 0.0008307 0.0158541 0.0092676 0.0100020 0.0020870 0.2165725 0.2179572 0.2154503 0.2203116 0.0117658 0.2163960 0.0079526 0.0122323 0.0132813 0.0131315 
seq_23_    0.0082581 0.0081363 0.2124995 0.2099042 0.0286505 0.2186043 0.2107048 0.2096745 0.2104024 0.0127901 0.2099913 0.2119505 0.0082611 0.2154654 0.2157154 0.0113127 0.2139840 0.2140715 0.0120243 0.0113082 0.0286194 0.0117640 0.0000000 0.0082655 0.2123966 0.0086974 0.2109898 0.2118703 0.0104277 0.0102816 0.0099850 0.0111493 0.0147163 0.0089582 0.0097120 0.0101327 0.2122281 0.2144769 0.2113345 0.2174649 0.0000010 0.2118906 0.0097111 0.0072581 0.0089802 0.0088363 
seq_24_    0.0101886 0.0096540 0.2138237 0.2103205 0.0315761 0.2197579 0.2111279 0.2108006 0.2108237 0.0147757 0.2111138 0.2123689 0.0033081 0.2165972 0.2152256 0.0128142 0.2151278 0.2151994 0.0136764 0.0129539 0.0313160 0.0129872 0.0082655 0.0000000 0.2118731 0.0108971 0.2121129 0.2137001 0.0119177 0.0116213 0.0113208 0.0126465 0.0164048 0.0105970 0.0113393 0.0116185 0.2133522 0.2156056 0.2124560 0.2186063 0.0082668 0.2130181 0.0111745 0.0026136 0.0034479 0.0033087 
seq_25_    0.2083676 0.2115173 0.0493634 0.0493133 0.2160216 0.0497235 0.0503869 0.0495866 0.0501304 0.2115442 0.0494365 0.0489183 0.2128176 0.0485752 0.0500343 0.2131029 0.0483581 0.0485201 0.2139113 0.2150490 0.2141964 0.2123852 0.2123966 0.2118731 0.0000000 0.2095685 0.0480126 0.0478000 0.2121832 0.2128237 0.2126017 0.2103813 0.2113628 0.2142542 0.2140750 0.2096916 0.0483758 0.0479947 0.0483754 0.0499177 0.2124415 0.0496366 0.2130048 0.2107111 0.2116361 0.2112763 
seq_26_    0.0109329 0.0107155 0.2091428 0.2072793 0.0317512 0.2177482 0.2087465 0.2077337 0.2084528 0.0146233 0.2084004 0.2077197 0.0108911 0.2137124 0.2128449 0.0135522 0.2122105 0.2123226 0.0138226 0.0133992 0.0319790 0.0140402 0.0086974 0.0108971 0.2095685 0.0000000 0.2092443 0.2101254 0.0126514 0.0129484 0.0126446 0.0133827 0.0168544 0.0110382 0.0117769 0.0123506 0.2104828 0.2127272 0.2095918 0.2149837 0.0086987 0.2099488 0.0120726 0.0098695 0.0116233 0.0114769 
seq_27_    0.2105251 0.2117015 0.0138316 0.0135134 0.2098385 0.0037599 0.0154448 0.0147251 0.0153722 0.2124543 0.0146866 0.0135097 0.2137626 0.0031630 0.0150043 0.2122876 0.0025026 0.0028843 0.2132094 0.2135227 0.2101554 0.2143810 0.2109898 0.2121129 0.0480126 0.2092443 0.0000000 0.0028857 0.2129766 0.2132138 0.2129914 0.2102701 0.2130663 0.2160470 0.2146665 0.2106273 0.0013682 0.0021933 0.0027458 0.0058304 0.2110344 0.0151372 0.2110765 0.2102500 0.2132859 0.2129255 
seq_28_    0.2115352 0.2122599 0.0142767 0.0139569 0.2111028 0.0037599 0.0157461 0.0148744 0.0155225 0.2133458 0.0142340 0.0136577 0.2146433 0.0035806 0.0151490 0.2131726 0.0025019 0.0030229 0.2133838 0.2144090 0.2113918 0.2143594 0.2118703 0.2137001 0.0478000 0.2101254 0.0028857 0.0000000 0.2138602 0.2140947 0.2138732 0.2111514 0.2132406 0.2169464 0.2155517 0.2115088 0.0034416 0.0028849 0.0039970 0.0059716 0.2119150 0.0152865 0.2119609 0.2118297 0.2148728 0.2145116 
seq_29_    0.0069535 0.0069540 0.2154130 0.2118787 0.0295127 0.2206688 0.2131249 0.2127802 0.2128104 0.0130899 0.2139934 0.2146535 0.0119111 0.2174811 0.2172394 0.0030306 0.2163859 0.2160761 0.0081139 0.0088455 0.0289779 0.0032122 0.0104277 0.0119177 0.2121832 0.0126514 0.2129766 0.2138602 0.0000000 0.0088404 0.0085471 0.0026105 0.0147278 0.0082326 0.0088483 0.0016443 0.2151262 0.2164842 0.2140279 0.2187827 0.0104293 0.2150079 0.0068405 0.0108836 0.0123535 0.0122065 
seq_30_    0.0070953 0.0038726 0.2140255 0.2114153 0.0296620 0.2195406 0.2129558 0.2126137 0.2126432 0.0135441 0.2138228 0.2141776 0.0116149 0.2177060 0.2170557 0.0094244 0.2166168 0.2163046 0.0098427 0.0094207 0.0288019 0.0099930 0.0102816 0.0116213 0.2128237 0.0129484 0.2132138 0.2140947 0.0088404 0.0000000 0.0016451 0.0092657 0.0148746 0.0083769 0.0089911 0.0082597 0.2144538 0.2167116 0.2142618 0.2197245 0.0102832 0.2155447 0.0078402 0.0105895 0.0117565 0.0116101 
seq_31_    0.0068013 0.0035804 0.2138029 0.2111924 0.0289659 0.2193195 0.2124235 0.2120853 0.2121130 0.0132355 0.2136004 0.2139559 0.0116064 0.2174866 0.2168344 0.0091295 0.2163937 0.2160844 0.0095473 0.0091259 0.0281249 0.0096928 0.0099850 0.0113208 0.2126017 0.0126446 0.2129914 0.2138732 0.0085471 0.0016451 0.0000000 0.0089716 0.0145662 0.0080808 0.0086972 0.0079679 0.2142325 0.2164917 0.2140405 0.2195053 0.0099866 0.2153233 0.0075490 0.0105818 0.0117479 0.0116016 
seq_32_    0.0073827 0.0073922 0.2126802 0.2091864 0.0303258 0.2178740 0.2106892 0.2103648 0.2103864 0.0138306 0.2122860 0.2126438 0.0126395 0.2147454 0.2155091 0.0034454 0.2136215 0.2133524 0.0088268 0.0092710 0.0291155 0.0008307 0.0111493 0.0126465 0.2103813 0.0133827 0.2102701 0.2111514 0.0026105 0.0092657 0.0089716 0.0000000 0.0151635 0.0086626 0.0092739 0.0015057 0.2124074 0.2137576 0.2113200 0.2160241 0.0111510 0.2125855 0.0072628 0.0116081 0.0130836 0.0129360 
seq_33_    0.0125673 0.0125352 0.2149444 0.2117204 0.0296725 0.2210874 0.2119927 0.2113110 0.2113359 0.0136887 0.2125230 0.2130736 0.0160901 0.2168425 0.2164639 0.0153329 0.2168169 0.2161546 0.0163597 0.0156302 0.0288118 0.0158541 0.0147163 0.0164048 0.2113628 0.0168544 0.2130663 0.2132406 0.0147278 0.0148746 0.0145662 0.0151635 0.0000000 0.0129691 0.0136917 0.0141214 0.2143055 0.2165613 0.2134079 0.2177352 0.0147186 0.2135322 0.0136904 0.0153386 0.0162488 0.0160982 
seq_34_    0.0069575 0.0063681 0.2177196 0.2147463 0.0287597 0.2230064 0.2145644 0.2150750 0.2150516 0.0119920 0.2163058 0.2166638 0.0105910 0.2206529 0.2203654 0.0086720 0.2178682 0.2188566 0.0095372 0.0091100 0.0282326 0.0092676 0.0089582 0.0105970 0.2142542 0.0110382 0.2160470 0.2169464 0.0082326 0.0083769 0.0080808 0.0086626 0.0129691 0.0000000 0.0018071 0.0076466 0.2173145 0.2196303 0.2163916 0.2227390 0.0089596 0.2173422 0.0075113 0.0095582 0.0111832 0.0110352 
seq_35_    0.0076839 0.0069583 0.2171198 0.2137534 0.0293749 0.2224156 0.2144251 0.2140695 0.2141044 0.0126574 0.2152825 0.2156366 0.0110378 0.2191901 0.2192675 0.0094328 0.2181128 0.2177773 0.0101408 0.0094263 0.0288314 0.0100020 0.0097120 0.0113393 0.2140750 0.0117769 0.2146665 0.2155517 0.0088483 0.0089911 0.0086972 0.0092739 0.0136917 0.0018071 0.0000000 0.0082669 0.2159133 0.2181873 0.2150076 0.2212307 0.0097134 0.2163008 0.0081336 0.0100152 0.0120674 0.0119205 
seq_36_    0.0063708 0.0063591 0.2123300 0.2088413 0.0291619 0.2182414 0.2103375 0.2100161 0.2100364 0.0127850 0.2112295 0.2115886 0.0116121 0.2151056 0.2144404 0.0024740 0.2139857 0.2137113 0.0078240 0.0082643 0.0279844 0.0020870 0.0101327 0.0116185 0.2096916 0.0123506 0.2106273 0.2115088 0.0016443 0.0082597 0.0079679 0.0015057 0.0141214 0.0076466 0.0082669 0.0000000 0.2127658 0.2141168 0.2116772 0.2163871 0.0101342 0.2122359 0.0062675 0.0105870 0.0120535 0.0119068 
seq_37_    0.2117865 0.2129932 0.0141289 0.0141097 0.2107495 0.0044659 0.0158974 0.0150239 0.0156730 0.2137089 0.0149846 0.0138059 0.2150025 0.0037198 0.0153032 0.2144389 0.0032047 0.0034400 0.2144503 0.2147705 0.2110462 0.2165725 0.2122281 0.2133522 0.0483758 0.2104828 0.0013682 0.0034416 0.2151262 0.2144538 0.2142325 0.2124074 0.2143055 0.2173145 0.2159133 0.2127658 0.0000000 0.0027466 0.0033009 0.0061131 0.2122730 0.0154360 0.2123204 0.2114839 0.2145246 0.2141637 
seq_38_    0.2134668 0.2149795 0.0141237 0.0138046 0.2130367 0.0038995 0.0155902 0.0147207 0.0153676 0.2159911 0.0146823 0.0135057 0.2165506 0.0028842 0.0152975 0.2157979 0.0026418 0.0028836 0.2159985 0.2170433 0.2132838 0.2179572 0.2144769 0.2156056 0.0479947 0.2127272 0.0021933 0.0028849 0.2164842 0.2167116 0.2164917 0.2137576 0.2165613 0.2196303 0.2181873 0.2141168 0.0027466 0.0000000 0.0032999 0.0058288 0.2145222 0.0151327 0.2145796 0.2137226 0.2167801 0.2164173 
seq_39_    0.2115936 0.2119768 0.0147227 0.0146980 0.2098415 0.0050302 0.0158922 0.0150190 0.0156679 0.2128012 0.0149797 0.0141013 0.2133976 0.0042760 0.0161991 0.2133409 0.0037667 0.0039951 0.2142581 0.2145770 0.2101577 0.2154503 0.2113345 0.2124560 0.0483754 0.2095918 0.0027458 0.0039970 0.2140279 0.2142618 0.2140405 0.2113200 0.2134079 0.2163916 0.2150076 0.2116772 0.0033009 0.0032999 0.0000000 0.0066789 0.2113791 0.0154310 0.2121296 0.2112955 0.2145268 0.2141659 
seq_40_    0.2164969 0.2181020 0.0156440 0.0156224 0.2162918 0.0068942 0.0163654 0.0154854 0.0161381 0.2183235 0.0156014 0.0150167 0.2186404 0.0065393 0.0162220 0.2178928 0.0057637 0.0059687 0.2190048 0.2200786 0.2164477 0.2203116 0.2174649 0.2186063 0.0499177 0.2149837 0.0058304 0.0059716 0.2187827 0.2197245 0.2195053 0.2160241 0.2177352 0.2227390 0.2212307 0.2163871 0.0061131 0.0058288 0.0066789 0.0000000 0.2168144 0.0160551 0.2168824 0.2160007 0.2183714 0.2180059 
seq_41_    0.0082594 0.0081376 0.2121120 0.2095252 0.0286195 0.2186043 0.2107048 0.2096745 0.2104024 0.0127901 0.2100357 0.2119953 0.0082623 0.2155110 0.2157614 0.0113145 0.2140299 0.2141168 0.0120262 0.0113099 0.0286239 0.0117658 0.0000010 0.0082668 0.2124415 0.0086987 0.2110344 0.2119150 0.0104293 0.0102832 0.0099866 0.0111510 0.0147186 0.0089596 0.0097134 0.0101342 0.2122730 0.2145222 0.2113791 0.2168144 0.0000000 0.2119355 0.0097017 0.0072511 0.0089715 0.0088278 
seq_42_    0.2109923 0.2135009 0.0129382 0.0129208 0.2124664 0.0165211 0.0053147 0.0045700 0.0051493 0.2130643 0.0031637 0.0126197 0.2130621 0.0158885 0.0059747 0.2144279 0.0150392 0.0152785 0.2148301 0.2151538 0.2135294 0.2163960 0.2118906 0.2130181 0.0496366 0.2099488 0.0151372 0.0152865 0.2150079 0.2155447 0.2153233 0.2125855 0.2135322 0.2173422 0.2163008 0.2122359 0.0154360 0.0151327 0.0154310 0.0160551 0.2119355 0.0000000 0.2134046 0.2111451 0.2134861 0.2131246 
seq_43_    0.0062344 0.0059258 0.2137762 0.2102631 0.0283338 0.2186811 0.2121796 0.2118421 0.2118691 0.0118985 0.2131034 0.2134611 0.0113320 0.2155729 0.2163456 0.0074167 0.2144545 0.2141723 0.0081197 0.0082746 0.0278620 0.0079526 0.0097111 0.0111745 0.2130048 0.0120726 0.2110765 0.2119609 0.0068405 0.0078402 0.0075490 0.0072628 0.0136904 0.0075113 0.0081336 0.0062675 0.2123204 0.2145796 0.2121296 0.2168824 0.0097017 0.2134046 0.0000000 0.0102958 0.0114676 0.0113213 
seq_44_    0.0091494 0.0087463 0.2115127 0.2080556 0.0303332 0.2177735 0.2092032 0.2088924 0.2089087 0.0137066 0.2092548 0.2105047 0.0026115 0.2147060 0.2133308 0.0117730 0.2132213 0.2133191 0.0126314 0.0119124 0.0303022 0.0122323 0.0072581 0.0026136 0.2107111 0.0098695 0.2102500 0.2118297 0.0108836 0.0105895 0.0105818 0.0116081 0.0153386 0.0095582 0.0100152 0.0105870 0.2114839 0.2137226 0.2112955 0.2160007 0.0072511 0.2111451 0.0102958 0.0000000 0.0033029 0.0031640 
seq_45_    0.0107756 0.0100983 0.2138553 0.2103635 0.0321914 0.2212612 0.2119055 0.2112266 0.2112512 0.0153714 0.2115825 0.2128362 0.0040034 0.2179719 0.2156940 0.0135478 0.2166707 0.2163735 0.0144117 0.0136877 0.0322864 0.0132813 0.0089802 0.0034479 0.2116361 0.0116233 0.2132859 0.2148728 0.0123535 0.0117565 0.0117479 0.0130836 0.0162488 0.0111832 0.0120674 0.0120535 0.2145246 0.2167801 0.2145268 0.2183714 0.0089715 0.2134861 0.0114676 0.0033029 0.0000000 0.0001363 
seq_46_    0.0106275 0.0099477 0.2134936 0.2100068 0.0320231 0.2208897 0.2115416 0.2108659 0.2108892 0.0152199 0.2112229 0.2124761 0.0038639 0.2176076 0.2153293 0.0133997 0.2163029 0.2160111 0.0142631 0.0135395 0.0321215 0.0131315 0.0088363 0.0033087 0.2112763 0.0114769 0.2129255 0.2145116 0.0122065 0.0116101 0.0116016 0.0129360 0.0160982 0.0110352 0.0119205 0.0119068 0.2141637 0.2164173 0.2141659 0.2180059 0.0088278 0.2131246 0.0113213 0.0031640 0.0001363 0.0000000 
